		((14, 10), (15, 2))			same
		((14, 18), (15, 4))			
		((14, 20), (15, 5))
		((14, 22), (15, 4))
		((14, 24), (15, 6))
		((14, 26), (15, 7))
		((14, 31), (15, 8))
		((14, 32), (15, 9))
		((14, 33), (15, 11))
		((14, 38), (15, 12))
		((14, 42), (15, 14))
		((14, 47), (15, 15))

		((14, 1), (17, 4))
		((14, 4), (17, 5))
		((14, 6), (17, 2))
		((14, 7), (17, 3))
		((14, 8), (17, 1))
		((14, 12), (17, 8))
		((14, 17), (17, 14))
		((14, 30), (17, 16))
		((14, 39), (17, 21))
		((14, 43), (17, 19))
		((14, 44), (17, 20))
		((14, 45), (17, 18))

		((14, 13), (18, 4))
		((14, 22), (18, 7))
		((14, 36), (18, 8))

		((17, 16), (18, 7))

		((17, 16), (19, 6))

		((18, 2), (19, 2))
		((18, 4), (19, 3))
		((18, 6), (19, 5))
		((18, 7), (19, 6))
		((18, 8), (19, 9))
		((18, 9), (19, 9))
		
		((19, 1), (21, 2))
		((19, 5), (21, 16))
		((19, 7), (21, 26))
		((19, 8), (21, 25))