time differences between in/out and the start times. can calculate subproblems with them.
data structure: (cam, id, min diff, sec diff, x in, x out)


1, 1 <---> 2, 1 {
    1, 1 ---> 2, 1
    [(1, 6, 0, 14, 2, 1), (1, 7, 0, 31, 2, 1), (1, 9, 0, 33, 2, 1), (1, 11, 0, 40, 2, 1), (1, 12, 0, 41, 2, 1), (1, 10, 0, 42, 2, 1), (1, 15, 0, 58, 2, 1), (1, 18, 1, 15, 2, 1), (1, 21, 1, 38, 2, 1), (1, 22, 1, 39, 2, 1), (1, 25, 1, 47, 1, 1), (1, 27, 1, 49, 1, 1), (1, 20, 1, 57, 2, 1), (1, 28, 1, 57, 2, 1), (1, 29, 2, 7, 1, 1), (1, 37, 2, 31, 2, 1), (1, 42, 2, 40, 2, 1), (1, 41, 2, 41, 2, 1), (1, 49, 3, 9, 2, 1), (1, 50, 3, 23, 2, 1), (1, 52, 3, 31, 2, 1), (1, 53, 3, 35, 2, 1), (1, 54, 3, 36, 2, 1), (1, 55, 3, 37, 2, 1), (1, 57, 3, 38, 2, 1), (1, 59, 3, 45, 2, 1), (1, 60, 3, 46, 2, 1), (1, 31, 3, 54, 1, 1), (1, 62, 3, 56, 2, 1), (1, 63, 3, 57, 1, 1), (1, 64, 4, 5, 2, 1), (1, 66, 4, 32, 2, 1), (1, 67, 4, 36, 2, 1), (1, 72, 4, 43, 2, 1), (1, 71, 4, 44, 2, 1)]
    [(2, 11, 0, 15, 1, 3), (2, 16, 0, 32, 1, 3), (2, 17, 0, 34, 1, 3), (2, 18, 0, 40, 1, 3), (2, 19, 0, 42, 1, 3), (2, 20, 0, 43, 1, 4), (2, 25, 0, 59, 1, 3), (2, 28, 1, 17, 1, 4), (2, 36, 1, 40, 1, 4), (2, 37, 1, 40, 1, 4), (2, 39, 1, 49, 1, 1), (2, 40, 1, 50, 1, 1), (2, 41, 1, 58, 1, 3), (2, 42, 1, 59, 1, 1), (2, 48, 2, 10, 1, 3)]

    2, 1 ---> 1, 1
    [(2, 4, 0, 1, 0, 1), (2, 5, 0, 3, 0, 1), (2, 8, 0, 7, 4, 1), (2, 10, 0, 8, 3, 1), (2, 12, 0, 23, 3, 1), (2, 13, 0, 31, 3, 1), (2, 15, 0, 31, 3, 1), (2, 23, 0, 59, 3, 1), (2, 22, 1, 0, 3, 1), (2, 26, 1, 12, 4, 1), (2, 32, 1, 30, 3, 1), (2, 34, 1, 38, 3, 1), (2, 35, 1, 38, 3, 1), (2, 30, 1, 43, 3, 1), (2, 29, 1, 45, 3, 1), (2, 39, 2, 0, 1, 1), (2, 40, 2, 3, 1, 1), (2, 43, 2, 5, 3, 1), (2, 47, 2, 7, 3, 1), (2, 44, 2, 10, 3, 1), (2, 45, 2, 22, 4, 1), (2, 53, 2, 22, 3, 1), (2, 42, 2, 32, 1, 1), (2, 54, 2, 43, 3, 1)]
    [(1, 2, 0, 1, 1, 2), (1, 3, 0, 1, 1, 2), (1, 4, 0, 5, 1, 2), (1, 5, 0, 6, 1, 2), (1, 8, 0, 22, 1, 2), (1, 13, 0, 30, 1, 2), (1, 14, 0, 30, 1, 2), (1, 16, 0, 58, 1, 2), (1, 17, 0, 59, 1, 2), (1, 19, 1, 10, 1, 2), (1, 23, 1, 29, 1, 2), (1, 24, 1, 36, 1, 2), (1, 26, 1, 36, 1, 2), (1, 25, 1, 44, 1, 1), (1, 27, 1, 44, 1, 1), (1, 29, 2, 0, 1, 1), (1, 31, 2, 3, 1, 1), (1, 32, 2, 4, 1, 2), (1, 33, 2, 5, 1, 2), (1, 34, 2, 10, 1, 2), (1, 35, 2, 20, 1, 2), (1, 36, 2, 21, 1, 2), (1, 38, 2, 27, 1, 2), (1, 39, 2, 28, 1, 2), (1, 40, 2, 29, 1, 2), (1, 44, 2, 32, 1, 2), (1, 43, 2, 32, 1, 2), (1, 45, 2, 33, 1, 2), (1, 46, 2, 40, 1, 2), (1, 47, 2, 41, 1, 2), (1, 48, 2, 57, 1, 2), (1, 51, 3, 22, 1, 2), (1, 56, 3, 32, 1, 2), (1, 58, 3, 34, 1, 2), (1, 61, 3, 37, 1, 2), (1, 63, 3, 53, 1, 1), (1, 65, 4, 0, 1, 2), (1, 69, 4, 28, 1, 2), (1, 68, 4, 28, 1, 2), (1, 70, 4, 29, 1, 2), (1, 73, 4, 45, 1, 2), (1, 74, 4, 45, 1, 2), (1, 75, 4, 51, 1, 2)]
}


2, 3 <---> 11, 1 {
    2, 3 ---> 11, 1
    [(2, 9, 0, 3, 3, 3), (2, 11, 0, 17, 1, 3), (2, 7, 0, 34, 0, 3), (2, 16, 0, 38, 1, 3), (2, 17, 0, 39, 1, 3), (2, 21, 0, 46, 4, 3), (2, 25, 1, 3, 1, 3), (2, 18, 1, 9, 1, 3), (2, 27, 1, 10, 4, 3), (2, 19, 1, 14, 1, 3), (2, 38, 1, 44, 3, 3), (2, 33, 1, 47, 4, 3), (2, 41, 2, 1, 1, 3), (2, 46, 2, 6, 4, 3), (2, 48, 2, 14, 1, 3), (2, 51, 2, 16, 4, 3), (2, 50, 2, 18, 4, 3), (2, 52, 2, 22, 2, 3)]
    [(11, 1, 0, 29, 1, 2), (11, 6, 7, 11, 1, 2)]

    11, 1 ---> 2, 3
    [(11, 2, 2, 38, 2, 1), (11, 3, 2, 39, 2, 1), (11, 5, 5, 44, 2, 1), (11, 4, 5, 44, 2, 1)]
    [(2, 9, 0, 2, 3, 3), (2, 10, 0, 3, 3, 1), (2, 12, 0, 20, 3, 1), (2, 14, 0, 25, 3, 4), (2, 13, 0, 25, 3, 1), (2, 15, 0, 26, 3, 1), (2, 22, 0, 53, 3, 1), (2, 23, 0, 54, 3, 1), (2, 24, 0, 54, 3, 4), (2, 29, 1, 19, 3, 1), (2, 30, 1, 20, 3, 1), (2, 31, 1, 27, 3, 4), (2, 32, 1, 27, 3, 1), (2, 34, 1, 33, 3, 1), (2, 35, 1, 35, 3, 1), (2, 38, 1, 42, 3, 3), (2, 43, 1, 59, 3, 1), (2, 44, 2, 0, 3, 1), (2, 47, 2, 4, 3, 1), (2, 49, 2, 11, 3, 2), (2, 53, 2, 16, 3, 1), (2, 54, 2, 22, 3, 1)]
}


2, 2 <---> 22, 2 {
    2, 2 ---> 22, 2
    [(2, 49, 2, 19, 3, 2)]
    [(22, 2, 2, 21, 2, 1), (22, 4, 4, 16, 2, 1), (22, 5, 4, 30, 2, 1), (22, 7, 4, 43, 2, 1), (22, 10, 6, 13, 2, 1), (22, 13, 8, 34, 2, 1), (22, 14, 8, 41, 2, 1), (22, 16, 10, 5, 2, 1)]

    22, 2 ---> 2, 2
    [(22, 1, 2, 14, 1, 2), (22, 3, 2, 42, 1, 2), (22, 6, 4, 47, 1, 2), (22, 8, 4, 58, 1, 2), (22, 9, 5, 5, 1, 2), (22, 11, 7, 12, 1, 2), (22, 12, 8, 28, 1, 2), (22, 15, 10, 12, 1, 2), (22, 17, 10, 22, 1, 2)]
    [(2, 52, 2, 15, 2, 3)]
}


14, 1 <---> 15, 1 {
    14, 1 ---> 15, 1
    [(14, 18, 6, 33, 4, 1), (14, 20, 6, 46, 4, 1), (14, 24, 7, 40, 4, 1), (14, 26, 7, 48, 4, 1), (14, 32, 8, 49, 4, 1), (14, 33, 9, 5, 4, 1), (14, 42, 10, 9, 6, 1), (14, 47, 10, 37, 4, 1)]
    [(15, 4, 6, 33, 1, 1), (15, 5, 6, 46, 1, 3), (15, 6, 7, 40, 1, 4), (15, 7, 7, 47, 1, 5), (15, 9, 8, 48, 1, 5), (15, 11, 9, 4, 1, 3), (15, 14, 10, 9, 1, 6), (15, 15, 10, 37, 1, 5)]

    15, 1 ---> 14, 1
    [(15, 2, 2, 56, 6, 1), (15, 4, 6, 46, 1, 1), (15, 8, 8, 38, 4, 1), (15, 12, 9, 57, 5, 1)]
    [(14, 10, 2, 58, 1, 4), (14, 22, 6, 48, 1, 5), (14, 25, 7, 32, 1, 4), (14, 31, 8, 40, 1, 4), (14, 38, 9, 59, 1, 4), (14, 41, 10, 5, 1, 4), (14, 49, 10, 52, 1, 4)]
}


19, 1 <---> 20, 1 <---> 21, 1 {
    19, 1 ---> (20, 1), (21, 1)
    [(19, 4, 4, 38, 4, 1), (19, 5, 5, 49, 5, 1), (19, 6, 7, 39, 5, 1), (19, 7, 8, 11, 5, 1), (19, 8, 10, 39, 1, 1)]
    [(20, 1, 1, 20, 1, 2), (20, 5, 4, 12, 1, 3), (20, 6, 4, 41, 1, 3), (20, 11, 7, 43, 1, 3), (20, 13, 9, 1, 1, 3), (20, 12, 9, 1, 1, 3), (20, 14, 9, 3, 1, 3), (20, 15, 9, 12, 1, 3), (20, 17, 9, 36, 1, 1), (20, 18, 9, 36, 1, 1), (20, 16, 9, 36, 1, 0), (20, 20, 10, 11, 1, 3)]
    [(21, 5, 1, 52, 1, 1), (21, 7, 2, 19, 1, 3), (21, 38, 2, 33, 1, 1), (21, 39, 2, 51, 1, 1), (21, 10, 3, 26, 1, 1), (21, 11, 3, 45, 1, 4), (21, 13, 3, 54, 1, 2), (21, 16, 5, 51, 1, 5), (21, 17, 5, 59, 1, 1), (21, 18, 6, 11, 1, 4), (21, 19, 6, 13, 1, 4), (21, 20, 6, 13, 1, 4), (21, 22, 6, 46, 1, 1), (21, 23, 7, 2, 1, 1), (21, 24, 8, 6, 1, 1), (21, 26, 8, 13, 1, 4), (21, 27, 8, 36, 1, 1), (21, 34, 9, 41, 1, 5), (21, 36, 10, 10, 1, 6)]

    20, 1 ---> (19, 1), (21, 1)
    [(20, 2, 1, 51, 3, 1), (20, 3, 2, 17, 2, 1), (20, 4, 3, 44, 3, 1), (20, 8, 6, 10, 3, 1), (20, 10, 6, 11, 3, 1), (20, 9, 6, 11, 3, 1), (20, 17, 9, 41, 1, 1), (20, 19, 10, 9, 3, 1), (20, 18, 10, 59, 1, 1)]
    [(19, 1, 1, 24, 1, 4), (19, 8, 8, 25, 1, 1)]
    [(21, 5, 1, 52, 1, 1), (21, 7, 2, 19, 1, 3), (21, 38, 2, 33, 1, 1), (21, 39, 2, 51, 1, 1), (21, 10, 3, 26, 1, 1), (21, 11, 3, 45, 1, 4), (21, 13, 3, 54, 1, 2), (21, 16, 5, 51, 1, 5), (21, 17, 5, 59, 1, 1), (21, 18, 6, 11, 1, 4), (21, 19, 6, 13, 1, 4), (21, 20, 6, 13, 1, 4), (21, 22, 6, 46, 1, 1), (21, 23, 7, 2, 1, 1), (21, 24, 8, 6, 1, 1), (21, 26, 8, 13, 1, 4), (21, 27, 8, 36, 1, 1), (21, 34, 9, 41, 1, 5), (21, 36, 10, 10, 1, 6)]

    21, 1 ---> (19, 1), (20, 1)
    [(21, 1, 1, 15, 3, 1), (21, 2, 1, 15, 3, 1), (21, 5, 2, 30, 1, 1), (21, 38, 2, 42, 1, 1), (21, 39, 3, 21, 1, 1), (21, 10, 3, 47, 1, 1), (21, 14, 4, 9, 3, 1), (21, 15, 5, 57, 2, 1), (21, 17, 6, 38, 1, 1), (21, 22, 6, 54, 1, 1), (21, 23, 7, 55, 1, 1), (21, 25, 8, 19, 4, 1), (21, 24, 8, 29, 1, 1), (21, 27, 8, 43, 1, 1), (21, 28, 8, 55, 6, 1), (21, 29, 8, 55, 6, 1), (21, 30, 8, 59, 6, 1), (21, 31, 9, 9, 6, 1), (21, 32, 9, 26, 5, 1), (21, 33, 9, 30, 5, 1), (21, 35, 10, 7, 5, 1), (21, 37, 10, 56, 5, 1)]
    [(19, 1, 1, 24, 1, 4), (19, 8, 8, 25, 1, 1)]
    [(20, 1, 1, 20, 1, 2), (20, 5, 4, 12, 1, 3), (20, 6, 4, 41, 1, 3), (20, 11, 7, 43, 1, 3), (20, 13, 9, 1, 1, 3), (20, 12, 9, 1, 1, 3), (20, 14, 9, 3, 1, 3), (20, 15, 9, 12, 1, 3), (20, 17, 9, 36, 1, 1), (20, 18, 9, 36, 1, 1), (20, 16, 9, 36, 1, 0), (20, 20, 10, 11, 1, 3)]
}


14, 5 <---> 17, 1 <---> 18, 1 {
    14, 5 ---> (17, 1), (18, 1)
    [(14, 1, 0, 8, 4, 5), (14, 9, 3, 8, 3, 5), (14, 3, 3, 10, 4, 5), (14, 12, 3, 59, 4, 5), (14, 22, 6, 56, 1, 5), (14, 36, 9, 58, 3, 5)]
    [(17, 4, 0, 20, 1, 3), (17, 8, 4, 20, 1, 3), (17, 17, 9, 5, 1, 3)]
    [(18, 2, 1, 33, 1, 3), (18, 7, 7, 12, 1, 3), (18, 8, 10, 16, 1, 3)]

    17, 1 ---> (14, 5), (18, 1)
    [(17, 5, 1, 25, 3, 1), (17, 2, 2, 29, 3, 1), (17, 3, 2, 29, 3, 1), (17, 1, 2, 30, 3, 1), (17, 12, 5, 40, 3, 1), (17, 14, 6, 2, 3, 1), (17, 16, 8, 20, 3, 1), (17, 18, 9, 52, 3, 1), (17, 20, 9, 52, 3, 1), (17, 21, 9, 53, 3, 1), (17, 19, 9, 54, 3, 1)]
    [(14, 2, 0, 29, 5, 4), (14, 4, 1, 38, 5, 4), (14, 6, 2, 43, 5, 4), (14, 7, 2, 43, 5, 4), (14, 8, 2, 44, 5, 4), (14, 13, 4, 27, 5, 4), (14, 17, 6, 13, 5, 4), (14, 21, 6, 47, 5, 4), (14, 27, 8, 0, 5, 4), (14, 28, 8, 0, 5, 4), (14, 30, 8, 32, 5, 4), (14, 39, 10, 4, 5, 4), (14, 43, 10, 19, 5, 6), (14, 44, 10, 21, 5, 6), (14, 45, 10, 21, 5, 6)]
    [(18, 2, 1, 33, 1, 3), (18, 7, 7, 12, 1, 3), (18, 8, 10, 16, 1, 3)]

    18, 1 ---> (14, 5), (17, 1)
    [(18, 1, 1, 29, 4, 1), (18, 3, 1, 50, 3, 1), (18, 4, 4, 13, 3, 1), (18, 5, 4, 46, 3, 1), (18, 9, 10, 59, 3, 1)]
    [(14, 2, 0, 29, 5, 4), (14, 4, 1, 38, 5, 4), (14, 6, 2, 43, 5, 4), (14, 7, 2, 43, 5, 4), (14, 8, 2, 44, 5, 4), (14, 13, 4, 27, 5, 4), (14, 17, 6, 13, 5, 4), (14, 21, 6, 47, 5, 4), (14, 27, 8, 0, 5, 4), (14, 28, 8, 0, 5, 4), (14, 30, 8, 32, 5, 4), (14, 39, 10, 4, 5, 4), (14, 43, 10, 19, 5, 6), (14, 44, 10, 21, 5, 6), (14, 45, 10, 21, 5, 6)]
    [(17, 4, 0, 20, 1, 3), (17, 8, 4, 20, 1, 3), (17, 17, 9, 5, 1, 3)]
}


17, 3 <---> 18, 3 <---> 19, 5 <---> 20, 3 {
    17, 3 ---> (18, 3), (19, 5), (20, 3)
    [(17, 4, 1, 28, 1, 3), (17, 6, 1, 38, 3, 3), (17, 7, 3, 40, 4, 3), (17, 8, 4, 30, 1, 3), (17, 11, 5, 12, 3, 3), (17, 9, 5, 12, 3, 3), (17, 10, 5, 58, 3, 3), (17, 13, 5, 58, 3, 3), (17, 15, 5, 58, 3, 3), (17, 17, 9, 21, 1, 3), (17, 22, 10, 0, 3, 3)]
    [(18, 3, 1, 38, 3, 1), (18, 4, 4, 0, 3, 1), (18, 5, 4, 41, 3, 1), (18, 9, 10, 45, 3, 1)]
    [(19, 10, 1, 9, 5, 5), (19, 2, 1, 51, 5, 4), (19, 3, 3, 54, 5, 3), (19, 5, 5, 39, 5, 1), (19, 6, 7, 30, 5, 1), (19, 7, 8, 3, 5, 1), (19, 9, 10, 31, 5, 5)]
    [(20, 2, 1, 41, 3, 1), (20, 4, 3, 36, 3, 1), (20, 7, 4, 42, 3, 3), (20, 8, 6, 2, 3, 1), (20, 10, 6, 2, 3, 1), (20, 9, 6, 2, 3, 1), (20, 19, 10, 3, 3, 1)]

    18, 3 ---> (17, 3), (19, 5), (20, 3)
    [(18, 2, 1, 43, 1, 3), (18, 6, 5, 34, 4, 3), (18, 7, 7, 23, 1, 3), (18, 8, 10, 29, 1, 3)]
    [(17, 2, 0, 0, 3, 1), (17, 3, 0, 0, 3, 1), (17, 1, 0, 0, 3, 1), (17, 5, 1, 13, 3, 1), (17, 6, 1, 33, 3, 3), (17, 9, 4, 49, 3, 3), (17, 11, 4, 56, 3, 3), (17, 10, 4, 56, 3, 3), (17, 12, 5, 33, 3, 1), (17, 13, 5, 35, 3, 3), (17, 14, 5, 38, 3, 1), (17, 15, 5, 41, 3, 3), (17, 16, 8, 4, 3, 1), (17, 18, 9, 32, 3, 1), (17, 20, 9, 32, 3, 1), (17, 19, 9, 32, 3, 1), (17, 22, 9, 38, 3, 3), (17, 21, 9, 46, 3, 1)]
    [(19, 10, 1, 9, 5, 5), (19, 2, 1, 51, 5, 4), (19, 3, 3, 54, 5, 3), (19, 5, 5, 39, 5, 1), (19, 6, 7, 30, 5, 1), (19, 7, 8, 3, 5, 1), (19, 9, 10, 31, 5, 5)]
    [(20, 2, 1, 41, 3, 1), (20, 4, 3, 36, 3, 1), (20, 7, 4, 42, 3, 3), (20, 8, 6, 2, 3, 1), (20, 10, 6, 2, 3, 1), (20, 9, 6, 2, 3, 1), (20, 19, 10, 3, 3, 1)]

    19, 5 ---> (17, 3), (18, 3), (20, 3)
    [(19, 10, 1, 10, 5, 5), (19, 9, 10, 44, 5, 5)]
    [(17, 2, 0, 0, 3, 1), (17, 3, 0, 0, 3, 1), (17, 1, 0, 0, 3, 1), (17, 5, 1, 13, 3, 1), (17, 6, 1, 33, 3, 3), (17, 9, 4, 49, 3, 3), (17, 11, 4, 56, 3, 3), (17, 10, 4, 56, 3, 3), (17, 12, 5, 33, 3, 1), (17, 13, 5, 35, 3, 3), (17, 14, 5, 38, 3, 1), (17, 15, 5, 41, 3, 3), (17, 16, 8, 4, 3, 1), (17, 18, 9, 32, 3, 1), (17, 20, 9, 32, 3, 1), (17, 19, 9, 32, 3, 1), (17, 22, 9, 38, 3, 3), (17, 21, 9, 46, 3, 1)]
    [(18, 3, 1, 38, 3, 1), (18, 4, 4, 0, 3, 1), (18, 5, 4, 41, 3, 1), (18, 9, 10, 45, 3, 1)]
    [(20, 2, 1, 41, 3, 1), (20, 4, 3, 36, 3, 1), (20, 7, 4, 42, 3, 3), (20, 8, 6, 2, 3, 1), (20, 10, 6, 2, 3, 1), (20, 9, 6, 2, 3, 1), (20, 19, 10, 3, 3, 1)]

    20, 3 ---> (17, 3), (18, 3), (19, 5)
    [(20, 5, 4, 24, 1, 3), (20, 6, 4, 51, 1, 3), (20, 7, 4, 54, 3, 3), (20, 11, 8, 3, 1, 3), (20, 13, 9, 16, 1, 3), (20, 14, 9, 16, 1, 3), (20, 12, 9, 22, 1, 3), (20, 15, 9, 22, 1, 3), (20, 20, 10, 59, 1, 3)]
    [(17, 2, 0, 0, 3, 1), (17, 3, 0, 0, 3, 1), (17, 1, 0, 0, 3, 1), (17, 5, 1, 13, 3, 1), (17, 6, 1, 33, 3, 3), (17, 9, 4, 49, 3, 3), (17, 11, 4, 56, 3, 3), (17, 10, 4, 56, 3, 3), (17, 12, 5, 33, 3, 1), (17, 13, 5, 35, 3, 3), (17, 14, 5, 38, 3, 1), (17, 15, 5, 41, 3, 3), (17, 16, 8, 4, 3, 1), (17, 18, 9, 32, 3, 1), (17, 20, 9, 32, 3, 1), (17, 19, 9, 32, 3, 1), (17, 22, 9, 38, 3, 3), (17, 21, 9, 46, 3, 1)]
    [(18, 3, 1, 38, 3, 1), (18, 4, 4, 0, 3, 1), (18, 5, 4, 41, 3, 1), (18, 9, 10, 45, 3, 1)]
    [(19, 10, 1, 9, 5, 5), (19, 2, 1, 51, 5, 4), (19, 3, 3, 54, 5, 3), (19, 5, 5, 39, 5, 1), (19, 6, 7, 30, 5, 1), (19, 7, 8, 3, 5, 1), (19, 9, 10, 31, 5, 5)]
}


2, 4 <---> 12, 1 <---> 13, 1 <---> 14, 4 {
    2, 4 ---> (12, 1), (13, 1), (14, 4)
    [(2, 1, 0, 1, 0, 4), (2, 2, 0, 2, 0, 4), (2, 6, 0, 10, 0, 4), (2, 14, 0, 27, 3, 4), (2, 20, 0, 48, 1, 4), (2, 24, 1, 0, 3, 4), (2, 28, 1, 20, 1, 4), (2, 31, 1, 29, 3, 4), (2, 36, 1, 48, 1, 4), (2, 37, 1, 48, 1, 4)]
    [(12, 1, 0, 28, 1, 1), (12, 2, 0, 29, 1, 1), (12, 6, 1, 41, 1, 1), (12, 8, 2, 6, 1, 1), (12, 7, 2, 6, 1, 1), (12, 9, 3, 6, 1, 1), (12, 10, 3, 8, 1, 1), (12, 11, 3, 26, 1, 1), (12, 15, 5, 52, 1, 2), (12, 16, 6, 10, 1, 1), (12, 18, 7, 3, 1, 1), (12, 19, 7, 4, 1, 1), (12, 21, 8, 30, 1, 1), (12, 22, 9, 0, 1, 1), (12, 23, 9, 33, 1, 1), (12, 24, 10, 11, 1, 1), (12, 25, 10, 35, 1, 1), (12, 26, 10, 47, 1, 2)]
    [(13, 2, 0, 32, 1, 5), (13, 1, 0, 32, 1, 5), (13, 3, 1, 12, 1, 4), (13, 4, 1, 14, 1, 4), (13, 5, 1, 17, 1, 5), (13, 8, 1, 41, 1, 1), (13, 10, 2, 23, 1, 1), (13, 9, 2, 23, 1, 1), (13, 11, 2, 47, 1, 4), (13, 13, 3, 11, 1, 5), (13, 14, 3, 11, 1, 5), (13, 17, 5, 31, 1, 5), (13, 18, 5, 42, 1, 1), (13, 19, 6, 17, 1, 2), (13, 20, 7, 31, 1, 4), (13, 21, 7, 45, 1, 1), (13, 22, 7, 46, 1, 1), (13, 24, 8, 33, 1, 5), (13, 25, 8, 52, 1, 1), (13, 26, 8, 54, 1, 4), (13, 30, 10, 18, 1, 4), (13, 31, 10, 19, 1, 4), (13, 32, 10, 33, 1, 1), (13, 33, 10, 42, 1, 5), (13, 34, 10, 42, 1, 4), (13, 35, 10, 54, 1, 4)]
    [(14, 1, 0, 0, 4, 5), (14, 3, 1, 14, 4, 5), (14, 11, 3, 29, 4, 6), (14, 12, 3, 42, 4, 5), (14, 14, 5, 7, 4, 6), (14, 15, 5, 30, 4, 6), (14, 18, 6, 22, 4, 1), (14, 19, 6, 26, 4, 2), (14, 20, 6, 31, 4, 1), (14, 24, 7, 33, 4, 1), (14, 26, 7, 40, 4, 1), (14, 32, 8, 43, 4, 1), (14, 33, 8, 53, 4, 1), (14, 34, 9, 8, 4, 6), (14, 35, 9, 14, 4, 6), (14, 37, 9, 52, 4, 6), (14, 47, 10, 29, 4, 1), (14, 48, 10, 50, 4, 6), (14, 50, 10, 54, 4, 0)]

    12, 1 ---> (2, 4), (13, 1), (14, 4)
    [(12, 2, 0, 29, 1, 1), (12, 1, 0, 30, 1, 1), (12, 3, 1, 7, 3, 1), (12, 4, 1, 7, 3, 1), (12, 6, 1, 43, 1, 1), (12, 8, 2, 17, 1, 1), (12, 7, 2, 20, 1, 1), (12, 10, 3, 8, 1, 1), (12, 9, 3, 9, 1, 1), (12, 11, 3, 28, 1, 1), (12, 12, 4, 34, 2, 1), (12, 13, 4, 56, 2, 1), (12, 14, 5, 39, 4, 1), (12, 16, 6, 12, 1, 1), (12, 17, 6, 15, 2, 1), (12, 18, 7, 41, 1, 1), (12, 19, 7, 42, 1, 1), (12, 20, 8, 33, 2, 1), (12, 21, 8, 59, 1, 1), (12, 22, 9, 29, 1, 1), (12, 24, 10, 12, 1, 1), (12, 23, 10, 18, 1, 1), (12, 25, 10, 40, 1, 1)]
    [(2, 8, 0, 2, 4, 1), (2, 21, 0, 45, 4, 3), (2, 26, 1, 0, 4, 1), (2, 27, 1, 8, 4, 3), (2, 33, 1, 30, 4, 3), (2, 45, 2, 0, 4, 1), (2, 46, 2, 2, 4, 3), (2, 50, 2, 12, 4, 3), (2, 51, 2, 13, 4, 3)]
    [(13, 2, 0, 32, 1, 5), (13, 1, 0, 32, 1, 5), (13, 3, 1, 12, 1, 4), (13, 4, 1, 14, 1, 4), (13, 5, 1, 17, 1, 5), (13, 8, 1, 41, 1, 1), (13, 10, 2, 23, 1, 1), (13, 9, 2, 23, 1, 1), (13, 11, 2, 47, 1, 4), (13, 13, 3, 11, 1, 5), (13, 14, 3, 11, 1, 5), (13, 17, 5, 31, 1, 5), (13, 18, 5, 42, 1, 1), (13, 19, 6, 17, 1, 2), (13, 20, 7, 31, 1, 4), (13, 21, 7, 45, 1, 1), (13, 22, 7, 46, 1, 1), (13, 24, 8, 33, 1, 5), (13, 25, 8, 52, 1, 1), (13, 26, 8, 54, 1, 4), (13, 30, 10, 18, 1, 4), (13, 31, 10, 19, 1, 4), (13, 32, 10, 33, 1, 1), (13, 33, 10, 42, 1, 5), (13, 34, 10, 42, 1, 4), (13, 35, 10, 54, 1, 4)]
    [(14, 1, 0, 0, 4, 5), (14, 3, 1, 14, 4, 5), (14, 11, 3, 29, 4, 6), (14, 12, 3, 42, 4, 5), (14, 14, 5, 7, 4, 6), (14, 15, 5, 30, 4, 6), (14, 18, 6, 22, 4, 1), (14, 19, 6, 26, 4, 2), (14, 20, 6, 31, 4, 1), (14, 24, 7, 33, 4, 1), (14, 26, 7, 40, 4, 1), (14, 32, 8, 43, 4, 1), (14, 33, 8, 53, 4, 1), (14, 34, 9, 8, 4, 6), (14, 35, 9, 14, 4, 6), (14, 37, 9, 52, 4, 6), (14, 47, 10, 29, 4, 1), (14, 48, 10, 50, 4, 6), (14, 50, 10, 54, 4, 0)]

    13, 1 ---> (2, 4), (12, 1), (14, 4)
    [(13, 7, 1, 39, 4, 1), (13, 8, 2, 10, 1, 1), (13, 15, 3, 24, 4, 1), (13, 16, 3, 38, 4, 1), (13, 10, 4, 29, 1, 1), (13, 9, 4, 29, 1, 1), (13, 18, 5, 50, 1, 1), (13, 21, 8, 26, 1, 1), (13, 22, 8, 27, 1, 1), (13, 23, 8, 44, 4, 1), (13, 27, 9, 54, 5, 1), (13, 25, 10, 3, 1, 1), (13, 28, 10, 9, 3, 1), (13, 29, 10, 9, 3, 1), (13, 32, 10, 59, 1, 1)]
    [(2, 8, 0, 2, 4, 1), (2, 21, 0, 45, 4, 3), (2, 26, 1, 0, 4, 1), (2, 27, 1, 8, 4, 3), (2, 33, 1, 30, 4, 3), (2, 45, 2, 0, 4, 1), (2, 46, 2, 2, 4, 3), (2, 50, 2, 12, 4, 3), (2, 51, 2, 13, 4, 3)]
    [(12, 1, 0, 28, 1, 1), (12, 2, 0, 29, 1, 1), (12, 6, 1, 41, 1, 1), (12, 8, 2, 6, 1, 1), (12, 7, 2, 6, 1, 1), (12, 9, 3, 6, 1, 1), (12, 10, 3, 8, 1, 1), (12, 11, 3, 26, 1, 1), (12, 15, 5, 52, 1, 2), (12, 16, 6, 10, 1, 1), (12, 18, 7, 3, 1, 1), (12, 19, 7, 4, 1, 1), (12, 21, 8, 30, 1, 1), (12, 22, 9, 0, 1, 1), (12, 23, 9, 33, 1, 1), (12, 24, 10, 11, 1, 1), (12, 25, 10, 35, 1, 1), (12, 26, 10, 47, 1, 2)]
    [(14, 1, 0, 0, 4, 5), (14, 3, 1, 14, 4, 5), (14, 11, 3, 29, 4, 6), (14, 12, 3, 42, 4, 5), (14, 14, 5, 7, 4, 6), (14, 15, 5, 30, 4, 6), (14, 18, 6, 22, 4, 1), (14, 19, 6, 26, 4, 2), (14, 20, 6, 31, 4, 1), (14, 24, 7, 33, 4, 1), (14, 26, 7, 40, 4, 1), (14, 32, 8, 43, 4, 1), (14, 33, 8, 53, 4, 1), (14, 34, 9, 8, 4, 6), (14, 35, 9, 14, 4, 6), (14, 37, 9, 52, 4, 6), (14, 47, 10, 29, 4, 1), (14, 48, 10, 50, 4, 6), (14, 50, 10, 54, 4, 0)]

    14, 4 ---> (2, 4), (12, 1), (13, 1),
        [(14, 2, 0, 36, 5, 4), (14, 4, 1, 47, 5, 4), (14, 5, 2, 27, 6, 4), (14, 6, 2, 52, 5, 4), (14, 7, 2, 53, 5, 4), (14, 8, 2, 57, 5, 4), (14, 10, 3, 9, 1, 4), (14, 13, 4, 40, 5, 4), (14, 16, 6, 19, 6, 4), (14, 17, 6, 30, 5, 4), (14, 21, 6, 53, 5, 4), (14, 23, 7, 20, 6, 4), (14, 25, 7, 42, 1, 4), (14, 29, 8, 9, 2, 4), (14, 27, 8, 12, 5, 4), (14, 28, 8, 16, 5, 4), (14, 30, 8, 43, 5, 4), (14, 31, 8, 48, 1, 4), (14, 38, 10, 6, 1, 4), (14, 39, 10, 12, 5, 4), (14, 41, 10, 14, 1, 4), (14, 46, 10, 32, 6, 4), (14, 49, 10, 58, 1, 4)]
    [(2, 8, 0, 2, 4, 1), (2, 21, 0, 45, 4, 3), (2, 26, 1, 0, 4, 1), (2, 27, 1, 8, 4, 3), (2, 33, 1, 30, 4, 3), (2, 45, 2, 0, 4, 1), (2, 46, 2, 2, 4, 3), (2, 50, 2, 12, 4, 3), (2, 51, 2, 13, 4, 3)]
    [(12, 1, 0, 28, 1, 1), (12, 2, 0, 29, 1, 1), (12, 6, 1, 41, 1, 1), (12, 8, 2, 6, 1, 1), (12, 7, 2, 6, 1, 1), (12, 9, 3, 6, 1, 1), (12, 10, 3, 8, 1, 1), (12, 11, 3, 26, 1, 1), (12, 15, 5, 52, 1, 2), (12, 16, 6, 10, 1, 1), (12, 18, 7, 3, 1, 1), (12, 19, 7, 4, 1, 1), (12, 21, 8, 30, 1, 1), (12, 22, 9, 0, 1, 1), (12, 23, 9, 33, 1, 1), (12, 24, 10, 11, 1, 1), (12, 25, 10, 35, 1, 1), (12, 26, 10, 47, 1, 2)]
    [(13, 2, 0, 32, 1, 5), (13, 1, 0, 32, 1, 5), (13, 3, 1, 12, 1, 4), (13, 4, 1, 14, 1, 4), (13, 5, 1, 17, 1, 5), (13, 8, 1, 41, 1, 1), (13, 10, 2, 23, 1, 1), (13, 9, 2, 23, 1, 1), (13, 11, 2, 47, 1, 4), (13, 13, 3, 11, 1, 5), (13, 14, 3, 11, 1, 5), (13, 17, 5, 31, 1, 5), (13, 18, 5, 42, 1, 1), (13, 19, 6, 17, 1, 2), (13, 20, 7, 31, 1, 4), (13, 21, 7, 45, 1, 1), (13, 22, 7, 46, 1, 1), (13, 24, 8, 33, 1, 5), (13, 25, 8, 52, 1, 1), (13, 26, 8, 54, 1, 4), (13, 30, 10, 18, 1, 4), (13, 31, 10, 19, 1, 4), (13, 32, 10, 33, 1, 1), (13, 33, 10, 42, 1, 5), (13, 34, 10, 42, 1, 4), (13, 35, 10, 54, 1, 4)]
}


11, 2 <---> 13, 4 <---> 21, 3 <---> 21, 4 <---> 22, 1 {
    11, 2 ---> (13, 4), (21, 3), (21, 4), (22, 1)
    [(11, 1, 0, 31, 1, 2), (11, 6, 7, 14, 1, 2)]
    [(13, 7, 1, 26, 4, 1), (13, 6, 1, 26, 4, 3), (13, 15, 3, 10, 4, 1), (13, 16, 3, 25, 4, 1), (13, 23, 8, 18, 4, 1)]
    [(21, 1, 1, 7, 3, 1), (21, 2, 1, 7, 3, 1), (21, 14, 4, 2, 3, 1)]
    [(21, 25, 8, 9, 4, 1)]
    [(22, 1, 2, 6, 1, 2), (22, 3, 2, 34, 1, 2), (22, 6, 4, 41, 1, 2), (22, 8, 4, 47, 1, 2), (22, 9, 4, 56, 1, 2), (22, 11, 7, 2, 1, 2), (22, 12, 8, 20, 1, 2), (22, 15, 10, 2, 1, 2), (22, 17, 10, 14, 1, 2)]

    13, 4 ---> (11, 2), (21, 3), (21, 4), (22, 1)
    [(13, 3, 1, 46, 1, 4), (13, 4, 1, 46, 1, 4), (13, 11, 2, 58, 1, 4), (13, 20, 7, 44, 1, 4), (13, 26, 9, 4, 1, 4), (13, 30, 10, 31, 1, 4), (13, 31, 10, 31, 1, 4), (13, 34, 10, 55, 1, 4), (13, 35, 10, 59, 1, 4)]
    [(11, 2, 2, 35, 2, 1), (11, 3, 2, 36, 2, 1), (11, 4, 5, 40, 2, 1), (11, 5, 5, 41, 2, 1)]
    [(21, 1, 1, 7, 3, 1), (21, 2, 1, 7, 3, 1), (21, 14, 4, 2, 3, 1)]
    [(21, 25, 8, 9, 4, 1)]
    [(22, 1, 2, 6, 1, 2), (22, 3, 2, 34, 1, 2), (22, 6, 4, 41, 1, 2), (22, 8, 4, 47, 1, 2), (22, 9, 4, 56, 1, 2), (22, 11, 7, 2, 1, 2), (22, 12, 8, 20, 1, 2), (22, 15, 10, 2, 1, 2), (22, 17, 10, 14, 1, 2)]

    21, 3 ---> (11, 2), (13, 4), (22, 1)
    [(21, 7, 2, 29, 1, 3)]
    [(11, 2, 2, 35, 2, 1), (11, 3, 2, 36, 2, 1), (11, 4, 5, 40, 2, 1), (11, 5, 5, 41, 2, 1)]
    [(13, 7, 1, 26, 4, 1), (13, 6, 1, 26, 4, 3), (13, 15, 3, 10, 4, 1), (13, 16, 3, 25, 4, 1), (13, 23, 8, 18, 4, 1)]
    [(22, 1, 2, 6, 1, 2), (22, 3, 2, 34, 1, 2), (22, 6, 4, 41, 1, 2), (22, 8, 4, 47, 1, 2), (22, 9, 4, 56, 1, 2), (22, 11, 7, 2, 1, 2), (22, 12, 8, 20, 1, 2), (22, 15, 10, 2, 1, 2), (22, 17, 10, 14, 1, 2)]

    21, 4 ---> (11, 2), (13, 4), (22, 1)
    [(21, 11, 3, 53, 1, 4), (21, 19, 6, 22, 1, 4), (21, 21, 6, 25, 5, 4), (21, 20, 6, 27, 1, 4), (21, 18, 6, 29, 1, 4), (21, 26, 8, 20, 1, 4)]
    [(11, 2, 2, 35, 2, 1), (11, 3, 2, 36, 2, 1), (11, 4, 5, 40, 2, 1), (11, 5, 5, 41, 2, 1)]
    [(13, 7, 1, 26, 4, 1), (13, 6, 1, 26, 4, 3), (13, 15, 3, 10, 4, 1), (13, 16, 3, 25, 4, 1), (13, 23, 8, 18, 4, 1)]
    [(22, 1, 2, 6, 1, 2), (22, 3, 2, 34, 1, 2), (22, 6, 4, 41, 1, 2), (22, 8, 4, 47, 1, 2), (22, 9, 4, 56, 1, 2), (22, 11, 7, 2, 1, 2), (22, 12, 8, 20, 1, 2), (22, 15, 10, 2, 1, 2), (22, 17, 10, 14, 1, 2)]

    22, 1 ---> (11, 2), (21, 3), (21, 3), (21, 4)
    [(22, 2, 2, 29, 2, 1), (22, 4, 4, 24, 2, 1), (22, 5, 4, 41, 2, 1), (22, 7, 4, 51, 2, 1), (22, 10, 6, 20, 2, 1), (22, 13, 8, 41, 2, 1), (22, 14, 8, 52, 2, 1), (22, 16, 10, 13, 2, 1)]
    [(11, 2, 2, 35, 2, 1), (11, 3, 2, 36, 2, 1), (11, 4, 5, 40, 2, 1), (11, 5, 5, 41, 2, 1)]
    [(13, 7, 1, 26, 4, 1), (13, 6, 1, 26, 4, 3), (13, 15, 3, 10, 4, 1), (13, 16, 3, 25, 4, 1), (13, 23, 8, 18, 4, 1)]
    [(21, 1, 1, 7, 3, 1), (21, 2, 1, 7, 3, 1), (21, 14, 4, 2, 3, 1)]
    [(21, 25, 8, 9, 4, 1)]
}