(2, 1, array([122, 125, 127]))
(2, 2, array([ 94, 105, 105]))
(2, 3, -9223372036854775808)
(2, 4, -9223372036854775808)
(2, 5, -9223372036854775808)
(2, 6, array([112, 121, 141]))
(2, 7, -9223372036854775808)
(2, 8, array([103, 111, 116]))
(2, 9, -9223372036854775808)
(2, 10, array([130, 132, 137]))
(2, 11, array([139, 141, 154]))
(2, 12, array([62, 74, 92]))
(2, 13, array([114, 109, 112]))
(2, 14, array([75, 75, 83]))
(2, 15, -9223372036854775808)
(2, 16, -9223372036854775808)
(2, 17, array([106, 106, 113]))
(2, 18, -9223372036854775808)
(2, 19, array([ 91,  95, 111]))
(2, 20, array([69, 78, 90]))
(2, 21, array([79, 77, 85]))
(2, 22, array([73, 73, 88]))
(2, 23, array([79, 85, 99]))
(2, 24, array([74, 85, 96]))
(2, 25, array([ 89,  97, 128]))
(2, 26, array([101, 105, 119]))
(2, 27, array([90, 90, 93]))
(2, 28, array([131, 127, 130]))
(2, 29, array([121, 113, 119]))
(2, 30, array([116, 111, 122]))
(2, 31, array([101, 103, 112]))
(2, 32, array([124, 122, 126]))
(2, 33, array([122, 115, 119]))
(2, 34, -9223372036854775808)
(2, 35, -9223372036854775808)
(2, 36, array([62, 73, 91]))
(2, 37, -9223372036854775808)
(2, 38, array([113, 114, 120]))
(2, 39, array([130, 124, 135]))
(2, 40, -9223372036854775808)
(2, 41, array([160, 159, 165]))
(2, 42, -9223372036854775808)
(2, 43, -9223372036854775808)
(2, 44, array([110, 125, 152]))
(2, 45, array([95, 88, 96]))
(2, 46, array([89, 92, 97]))
(2, 47, -9223372036854775808)
(2, 48, array([135, 135, 142]))
(2, 49, array([135, 139, 147]))
(2, 50, array([ 97, 115, 139]))
(2, 51, array([89, 90, 96]))
(2, 52, array([ 80,  91, 101]))
