(17, 1, array([60, 55, 70]))
(17, 2, array([51, 48, 63]))
(17, 3, array([58, 50, 60]))
(17, 4, array([122, 124, 153]))
(17, 5, array([52, 49, 65]))
(17, 6, -9223372036854775808)
(17, 7, -9223372036854775808)
(17, 8, array([ 85,  94, 109]))
(17, 9, -9223372036854775808)
(17, 10, -9223372036854775808)
(17, 11, -9223372036854775808)
(17, 12, array([67, 63, 74]))
(17, 13, -9223372036854775808)
(17, 14, array([77, 77, 94]))
(17, 15, -9223372036854775808)
(17, 16, array([139, 126, 149]))
(17, 17, array([ 90,  90, 109]))
(17, 18, array([80, 70, 82]))
(17, 19, array([117,  90, 100]))
(17, 20, array([56, 58, 89]))
(17, 21, array([57, 50, 66]))
