(21, 1, array([74, 73, 95]))
(21, 2, array([85, 79, 98]))
(21, 3, array([160, 157, 180]))
(21, 4, -9223372036854775808)
(21, 5, array([ 63,  68, 100]))
(21, 6, array([155, 150, 168]))
(21, 7, array([ 81,  93, 122]))
(21, 8, -9223372036854775808)
(21, 9, -9223372036854775808)
(21, 10, array([53, 59, 89]))
(21, 11, array([117, 159, 233]))
(21, 12, array([ 87,  85, 122]))
(21, 13, array([75, 78, 94]))
(21, 14, array([81, 74, 91]))
(21, 15, array([67, 59, 78]))
(21, 16, array([ 92, 137, 183]))
(21, 17, array([48, 55, 75]))
(21, 18, array([ 92,  93, 114]))
(21, 19, array([128, 160, 219]))
(21, 20, array([ 78, 111, 187]))
(21, 21, array([141, 136, 155]))
(21, 22, array([ 76,  79, 100]))
(21, 23, array([51, 58, 81]))
(21, 24, array([43, 52, 74]))
(21, 25, array([76, 70, 95]))
(21, 26, array([154, 183, 215]))
(21, 27, array([ 97, 102, 111]))
(21, 28, array([125, 124, 153]))
(21, 29, array([ 85,  84, 115]))
(21, 30, array([ 94,  85, 107]))
(21, 31, array([101, 102, 125]))
(21, 32, array([ 95,  89, 127]))
(21, 33, array([ 92,  88, 120]))
(21, 34, array([61, 63, 99]))
(21, 35, array([ 84,  76, 111]))
(21, 36, array([ 92, 144, 180]))
(21, 37, array([58, 65, 95]))
(21, 38, array([ 82,  87, 101]))
(21, 39, array([61, 68, 83]))
