(20, 1, array([ 68,  85, 104]))
(20, 2, array([59, 52, 59]))
(20, 3, array([ 81,  84, 109]))
(20, 4, array([ 90, 116, 143]))
(20, 5, array([51, 53, 60]))
(20, 6, array([51, 55, 63]))
(20, 7, -9223372036854775808)
(20, 8, array([135, 151, 183]))
(20, 9, array([101, 141, 217]))
(20, 10, array([139, 158, 195]))
(20, 11, array([ 93, 104, 108]))
(20, 12, array([53, 58, 68]))
(20, 13, array([53, 59, 81]))
(20, 14, array([ 92, 107, 124]))
(20, 15, array([88, 94, 93]))
(20, 16, array([47, 45, 54]))
(20, 17, array([43, 43, 54]))
(20, 18, array([43, 46, 56]))
(20, 19, array([125, 135, 151]))
(20, 20, array([52, 54, 65]))
