(1, 1, array([40, 31, 40]))
(1, 2, array([41, 37, 39]))
(1, 3, array([29, 27, 35]))
(1, 4, array([87, 81, 79]))
(1, 5, array([56, 51, 49]))
(1, 6, array([56, 51, 51]))
(1, 7, array([36, 35, 48]))
(1, 8, array([25, 21, 29]))
(1, 9, array([37, 34, 40]))
(1, 10, array([54, 52, 59]))
(1, 11, array([50, 49, 70]))
(1, 12, array([54, 49, 65]))
(1, 13, array([70, 67, 70]))
(1, 14, array([43, 38, 39]))
(1, 15, array([43, 42, 58]))
(1, 16, array([55, 51, 51]))
(1, 17, array([27, 24, 31]))
(1, 18, array([78, 67, 57]))
(1, 19, array([57, 55, 62]))
(1, 20, array([52, 55, 75]))
(1, 21, array([42, 41, 50]))
(1, 22, array([46, 40, 47]))
(1, 23, array([55, 51, 45]))
(1, 24, array([ 50,  86, 108]))
(1, 25, array([80, 61, 34]))
(1, 26, array([33, 35, 44]))
(1, 27, array([63, 43, 22]))
(1, 28, array([74, 43, 62]))
(1, 29, array([47, 35, 32]))
(1, 30, array([52, 48, 48]))
(1, 31, array([39, 35, 37]))
(1, 32, array([94, 73, 39]))
(1, 33, array([92, 83, 82]))
(1, 34, array([62, 62, 63]))
(1, 35, array([46, 37, 38]))
(1, 36, array([49, 48, 50]))
(1, 37, array([112,  84,  88]))
(1, 38, array([51, 26, 27]))
(1, 39, array([60, 56, 56]))
(1, 40, array([52, 37, 41]))
(1, 41, array([89, 84, 93]))
(1, 42, array([47, 45, 62]))
(1, 43, array([105, 100,  95]))
(1, 44, array([80, 68, 86]))
(1, 45, array([70, 63, 62]))
(1, 46, array([26, 24, 33]))
(1, 47, array([31, 28, 34]))
(1, 48, array([70, 61, 60]))
(1, 49, array([87, 71, 91]))
(1, 50, array([40, 43, 52]))
(1, 51, array([ 88,  91, 102]))
(1, 52, array([38, 35, 50]))
(1, 53, array([61, 58, 79]))
(1, 54, array([77, 69, 59]))
(1, 55, array([132, 137,  74]))
(1, 56, array([35, 35, 46]))
(1, 57, array([84, 78, 91]))
(1, 58, array([40, 39, 49]))
(1, 59, array([76, 69, 60]))
(1, 60, array([47, 47, 67]))
(1, 61, array([30, 27, 35]))
(1, 62, array([28, 26, 34]))
(1, 63, array([54, 43, 32]))
(1, 64, array([46, 42, 53]))
(1, 65, array([76, 74, 83]))
(1, 66, array([161, 153, 183]))
(1, 67, array([58, 55, 75]))
(1, 68, array([37, 36, 43]))
(1, 69, array([28, 24, 29]))
(1, 70, array([41, 40, 48]))
(1, 71, array([ 64,  67, 101]))
(1, 72, array([46, 52, 64]))
(1, 73, array([42, 41, 47]))
(1, 74, array([55, 52, 55]))
(1, 75, array([35, 32, 40]))
(1, 76, array([72, 53, 45]))
