(22, 1, array([ 70,  94, 106]))
(22, 2, array([130, 138, 145]))
(22, 3, array([138, 142, 145]))
(22, 4, array([110, 131, 155]))
(22, 5, array([107, 120, 134]))
(22, 6, array([107, 126, 149]))
(22, 7, array([150, 152, 160]))
(22, 8, array([122, 127, 133]))
(22, 9, array([147, 150, 153]))
(22, 10, array([ 94, 114, 128]))
(22, 11, array([ 72, 100, 110]))
(22, 12, array([161, 154, 144]))
(22, 13, array([135, 142, 147]))
(22, 14, array([ 97, 124, 150]))
(22, 15, array([121, 133, 139]))
(22, 16, array([129, 141, 153]))
(22, 17, array([142, 144, 150]))
