(14, 1, -9223372036854775808)
(14, 2, -9223372036854775808)
(14, 3, array([81, 74, 86]))
(14, 4, -9223372036854775808)
(14, 5, array([79, 74, 82]))
(14, 6, -9223372036854775808)
(14, 7, -9223372036854775808)
(14, 8, -9223372036854775808)
(14, 9, array([83, 79, 90]))
(14, 10, array([111, 107, 116]))
(14, 11, array([91, 86, 96]))
(14, 12, array([149, 143, 144]))
(14, 13, -9223372036854775808)
(14, 14, array([81, 77, 86]))
(14, 15, array([ 93,  90, 101]))
(14, 16, array([94, 89, 98]))
(14, 17, array([106, 102, 110]))
(14, 18, array([151, 149, 152]))
(14, 19, array([106, 103, 111]))
(14, 20, array([78, 74, 85]))
(14, 21, array([101, 100, 108]))
(14, 22, array([128, 124, 129]))
(14, 23, array([93, 89, 96]))
(14, 24, array([ 87,  93, 101]))
(14, 25, array([63, 58, 62]))
(14, 26, array([ 90,  87, 101]))
(14, 27, -9223372036854775808)
(14, 28, -9223372036854775808)
(14, 29, array([ 94,  92, 107]))
(14, 30, array([167, 163, 162]))
(14, 31, array([61, 70, 77]))
(14, 32, array([116, 112, 117]))
(14, 33, array([79, 77, 88]))
(14, 34, array([95, 90, 98]))
(14, 35, array([123, 119, 118]))
(14, 36, array([149, 144, 148]))
(14, 37, array([76, 73, 84]))
(14, 38, array([77, 84, 79]))
(14, 39, -9223372036854775808)
(14, 40, -9223372036854775808)
(14, 41, array([ 91,  89, 103]))
(14, 42, array([75, 72, 80]))
(14, 43, array([92, 84, 90]))
(14, 44, array([70, 66, 76]))
(14, 45, array([80, 74, 83]))
(14, 46, array([72, 66, 75]))
(14, 47, array([ 98,  97, 110]))
(14, 48, array([116, 114, 116]))
(14, 49, array([130, 126, 134]))
