(13, 1, array([127, 125, 139]))
(13, 2, array([81, 80, 81]))
(13, 3, array([74, 72, 74]))
(13, 4, array([ 85,  89, 135]))
(13, 5, array([73, 73, 80]))
(13, 6, array([ 87,  84, 101]))
(13, 7, array([100,  84,  97]))
(13, 8, array([59, 61, 70]))
(13, 9, array([64, 63, 69]))
(13, 10, array([53, 56, 60]))
(13, 11, array([73, 72, 78]))
(13, 12, -9223372036854775808)
(13, 13, array([62, 62, 70]))
(13, 14, array([55, 58, 67]))
(13, 15, array([103, 101, 126]))
(13, 16, array([131, 121, 115]))
(13, 17, array([77, 77, 82]))
(13, 18, array([53, 53, 64]))
(13, 19, array([68, 69, 82]))
(13, 20, array([118, 120, 134]))
(13, 21, array([76, 75, 82]))
(13, 22, array([101, 102, 111]))
(13, 23, array([56, 60, 71]))
(13, 24, array([ 95, 105, 112]))
(13, 25, array([64, 67, 83]))
(13, 26, array([94, 84, 92]))
(13, 27, array([70, 56, 70]))
(13, 28, array([ 83,  84, 104]))
(13, 29, array([164, 168, 211]))
(13, 30, array([64, 67, 81]))
(13, 31, array([67, 69, 79]))
(13, 32, array([53, 57, 66]))
(13, 33, array([69, 65, 72]))
(13, 34, array([80, 81, 94]))
(13, 35, array([105, 111, 126]))
