(12, 1, array([114, 115, 126]))
(12, 2, -9223372036854775808)
(12, 3, array([ 73,  87, 100]))
(12, 4, array([ 77, 115, 166]))
(12, 5, -9223372036854775808)
(12, 6, array([61, 67, 82]))
(12, 7, array([77, 75, 86]))
(12, 8, array([138, 140, 146]))
(12, 9, array([102, 102, 111]))
(12, 10, array([ 98, 100, 104]))
(12, 11, array([113, 112, 109]))
(12, 12, array([118, 115, 121]))
(12, 13, array([130, 143, 167]))
(12, 14, array([50, 46, 57]))
(12, 15, array([54, 49, 65]))
(12, 16, array([89, 84, 96]))
(12, 17, array([122, 129, 146]))
(12, 18, array([ 75,  80, 101]))
(12, 19, array([56, 65, 83]))
(12, 20, array([109, 114, 125]))
(12, 21, array([67, 66, 81]))
(12, 22, array([87, 85, 96]))
(12, 23, array([69, 68, 79]))
(12, 24, array([ 89,  91, 103]))
(12, 25, array([113, 118, 147]))
(12, 26, array([ 88,  87, 105]))
