cam 1:

10      (2, 1)
11      (2, 1)
12      (2, 1)
13      (1, 2)
14      (1, 2)
15      (2, 1)
16      (1, 2)
17      (1, 2)
18      (2, 1)
19      (1, 2)      
1,      (1, 2)
20      (2, 1)
21      (2, 1)
23      (1, 2)
24      (1, 2)
25      (1)
26      (1, 2)
27      (1)
28      (2, 1)
29      (1)
2,      (1, 2)
30      (2)
31      (1)
32      (1, 2)
33      (1, 2)
34      (1, 2)
35      (1, 2)
36      (1, 2)
37      (2, 1)
38      (1, 2)
39      (1, 2)
3,      (1, 2)
40      (1, 2)
41      (2, 1)
42      (2, 1)
43      (1, 2)
44      (1, 2)
45      (1, 2)
46      (1, 2)
47      (1, 2)
48      (1, 2)
49      (2, 1)
4,      (1, 2)
50      (2, 1)
51      (1, 2)
52      (2, 1)
53      (2, 1)
54      (2, 1)
55      (2, 1)
56      (1, 2)
57      (2, 1)    
58      (1, 2)
59      (2, 1)
5,      (1, 2)
60      (2, 1)
61      (1, 2)
62      (2, 1)
64      (2, 1)
65      (1, 2)
66      (2, 1)
67      (2, 1)
68      (1, 2)
6,      (2, 1)
70      (1, 2)
71      (2, 1)
72      (2, 1)  
73      (1, 2)
74      (1, 2)
75      (1, 2)
76      
7,      (2, 1)
8,      (1, 2)






cam 2:

19      (1, 3)
1,      (3, 4)
20      (1, 4)
24      (3, 4)
26      (4, 1)
28      (1, 4)
2,      (3, 4)
30      (3, 1)
31      (3, 4)
32      (3, 1)
33      (4, 3)
39      (1)
44      (3, 1)
45      (4, 1)
48      (1, 3)
49      (3, 2)
50      (4, 3)     
52      (2, 3)
53      (3, 1)
6,      (1, 4)
8,      (4, 1)



cam 11:

1       (1, 2)    
2       (2, 1)
5       (2, 1)




cam 12:

12      (2, 1)    
13      (2, 1)
14      (4, 1)
15      (1, 2)
17      (2, 1)
18      (1, 1)
19      (1, 1)
1,      (1, 1)
20      (2, 1)
21      (1, 1)
22      (1)
23      (1)
25      (1, 1)
26      (1, 2)
3,      (3, 1)
4,      (3, 1)
6,      (1, 1)
7,      (1, 1)
8,      (1, 1)
9,      (1, 1)



cam 13:

10      (1, 1)
11      (1, 4)
13      (1, 5)
14      (1, 5)
15      (4, 1)
16      (4, 1)
17      (1, 5)
18      (1, 1)
19      (1, 2)          
20      (1, 4)
21      (1, 1)
22      (1, 1)
23      (4, 1)
24      (1, 5)
25      (1) 
26      (1, 4)
27      (5, 1)
28      (3, 1)
29      (3, 1)
2,      (1, 5)
30      (1, 4)
31      (1, 4)
32      (1)
33      (1, 5)
34      (1, 4)
35      (1, 4) 
3,      (1, 4)
4,      (1, 4)
5,      (1, 5)
6,      (4, 3)
7,      (4, 1)
8,      (1, 1)
9,      (1, 1)





cam 14:

10      (1, 4)      
17      (5, 4)
18      (4, 1)
19      (4, 2)
20      (4, 1)
22      (1, 5)
24      (4, 1)
25      (1, 4)
26      (4, 1)
29      (2, 4)
31      (1, 4)
32      (4, 1)
33      (4, 1)
38      (1, 4)
3,      (4, 5)
42      (6, 1)
46      (6, 4)
47      (4, 1)
49      (1, 4)
9,      (3, 5)






cam 15:

11      (1, 3)
12      (5, 1)
14      (1, 6)
15      (1, 5)
2,      (6, 1)
4,      (1, 1)
5,      (1, 3)
6,      (1, 4)
7,      (1, 5)
8,      (4, 1)
9,      (1, 5)




cam 17:

12      (3, 1)
14      (3, 1)
16      (3, 1)
17      (1, 3)
18      (3, 1)
19      (3, 1)
20      (3, 1)
21      (3, 1)
2,      (3, 1)
3,      (3, 1)
4,      (1, 3)
5,      (3, 1)
8,      (1, 3)






cam 18:

1       (4, 1)
2       (1, 3)
3       (3, 1)
4       (3, 1)
5       (3, 1)
7       (1, 3)
8       (1, 3)
9       (3, 1)






cam 19:
1       (1, 4)
4       (4, 1)
5       (5, 1)
6       (5, 1)
7       (5, 1)
8       (1)






cam 20:

10      (3, 1)
11      (1, 3)
12      (1, 3)
13      (1, 3)
14      (1, 3)
15      (1, 3)
16      
17      (1)
18      (1)
19      (3, 1)
1,      (1, 2)
20      (1, 3)
2,      (3, 1)
3,      (2, 1)
4,      (3, 1)
5,      (1, 3)
6,      (1, 3)
8,      (3, 1)
9,      (3, 1)







cam 21:


10      (1)
11      (1, 4)
12      (5)
13      (1, 2)
14      (3, 1)
15      (2, 1)
16      (1, 5)
17      (1) 
18      (1, 4)
19      (1, 4)
1,      (3, 1)
20      (1, 4)
22      (1)
23      (1)
24      (1)
25      (4, 1)
26      (1, 4)
27      (1)
28      (6, 1)
29      (6, 1)
2,      (3, 1)
30      (6, 1)
31      (6, 1)
32      (5, 1)
33      (5, 1)
34      (1, 5)
35      (5, 1)
36      (1, 6)
37      (5, 1)
38      (1)
39      (1)
5,      (1)
7,      (1, 3)





cam 22:

10      (2, 1)    
11      (1, 2)
12      (1, 2)
13      (2, 1)    
14      (2, 1)
15      (1, 2)
16      (2, 1)
17      (1, 2)
1,      (1, 2)
2,      (2, 1)
3,      (1, 2)
4,      (2, 1)
5,      (2, 1)
6,      (1, 2)
7,      (2, 1)
8,      (1, 2)
9,      (1, 2)
