1, 22, 1592, 12, 28, 53, 1786, 12, 29, 4
1, 63, 4200, 12, 31, 18, 4281, 12, 31, 22
1, 69, 4837, 12, 31, 53, 4976, 12, 32, 1
1, 9, 431, 12, 27, 48, 603, 12, 27, 58
2, 10, 83, 12, 27, 3, 201, 12, 27, 8, 3, 1
2, 11, 396, 12, 27, 15, 440, 12, 27, 17, 1, 3
2, 12, 503, 12, 27, 20, 598, 12, 27, 23, 3, 1
2, 13, 630, 12, 27, 25, 798, 12, 27, 31, 3, 1
2, 14, 645, 12, 27, 25, 692, 12, 27, 27, 3, 4
2, 15, 669, 12, 27, 26, 798, 12, 27, 31, 3, 1
2, 16, 809, 12, 27, 32, 960, 12, 27, 38, 1, 3
2, 17, 861, 12, 27, 34, 998, 12, 27, 39, 1, 3
2, 18, 1022, 12, 27, 40, 1734, 12, 28, 9, 1, 3
2, 21, 1135, 12, 27, 45, 1159, 12, 27, 46, 4, 3
2, 22, 1345, 12, 27, 53, 1517, 12, 28, 0, 3, 1
2, 23, 1355, 12, 27, 54, 1492, 12, 27, 59, 3, 1
2, 25, 1497, 12, 27, 59, 1594, 12, 28, 3, 1, 3
2, 27, 1718, 12, 28, 8, 1763, 12, 28, 10, 4, 3
2, 29, 1996, 12, 28, 19, 2631, 12, 28, 45, 3, 1
2, 34, 2339, 12, 28, 33, 2470, 12, 28, 38, 3, 1
2, 35, 2377, 12, 28, 35, 2451, 12, 28, 38, 3, 1
2, 36, 2502, 12, 28, 40, 2700, 12, 28, 48, 1, 4
2, 37, 2523, 12, 28, 40, 2719, 12, 28, 48, 1, 4
2, 38, 2556, 12, 28, 42, 2611, 12, 28, 44, 3, 3
2, 4, 0, 12, 27, 0, 46, 12, 27, 1, 0, 1
2, 40, 2771, 12, 28, 50, 3076, 12, 29, 3, 1, 1
2, 41, 2969, 12, 28, 58, 3037, 12, 29, 1, 1, 3
2, 42, 2987, 12, 28, 59, 3809, 12, 29, 32, 1, 1
2, 43, 2979, 12, 28, 59, 3139, 12, 29, 5, 3, 1
2, 46, 3050, 12, 29, 2, 3169, 12, 29, 6, 4, 3
2, 47, 3110, 12, 29, 4, 3187, 12, 29, 7, 3, 1
2, 5, 0, 12, 27, 0, 77, 12, 27, 3, 0, 1
2, 51, 3329, 12, 29, 13, 3411, 12, 29, 16, 4, 3
2, 7, 0, 12, 27, 0, 864, 12, 27, 34, 0, 3
2, 9, 74, 12, 27, 2, 99, 12, 27, 3, 3, 3
2, 54, 3567, 12, 29, 22, 4084, 12, 29, 43, 3, 1
11, 3, 2824, 12, 30, 1, 11879, 12, 38, 24
11, 4, 6130, 12, 33, 5, 6200, 12, 33, 9
11, 6, 7761, 12, 34, 36, 11879, 12, 38, 24
12, 10, 4706, 12, 30, 8, 4720, 12, 30, 8
12, 11, 5168, 12, 30, 26, 5209, 12, 30, 28
12, 16, 9250, 12, 33, 10, 9300, 12, 33, 12
12, 2, 733, 12, 27, 29, 740, 12, 27, 29
12, 24, 15295, 12, 37, 11, 15322, 12, 37, 12
13, 1, 802, 12, 27, 32, 2025, 12, 28, 21
14, 1, 0, 12, 27, 0, 202, 12, 27, 8, 4, 5
14, 11, 5244, 12, 30, 29, 5529, 12, 30, 41, 4, 6
14, 12, 5562, 12, 30, 42, 5992, 12, 30, 59, 4, 5
14, 13, 6681, 12, 31, 27, 7015, 12, 31, 40, 5, 4
14, 14, 7682, 12, 32, 7, 7881, 12, 32, 15, 4, 6
14, 15, 8257, 12, 32, 30, 8387, 12, 32, 35, 4, 6
14, 16, 9276, 12, 33, 11, 9476, 12, 33, 19, 6, 4
14, 2, 733, 12, 27, 29, 915, 12, 27, 36, 5, 4
14, 21, 10183, 12, 33, 47, 10330, 12, 33, 53, 5, 4
14, 23, 10856, 12, 34, 14, 11016, 12, 34, 20, 6, 4
14, 27, 12005, 12, 35, 0, 12323, 12, 35, 12, 5, 4
14, 28, 12005, 12, 35, 0, 12418, 12, 35, 16, 5, 4
14, 30, 12803, 12, 35, 32, 13078, 12, 35, 43, 5, 4
14, 34, 13711, 12, 36, 8, 13985, 12, 36, 19, 4, 6
14, 35, 13855, 12, 36, 14, 14049, 12, 36, 21, 4, 6
14, 36, 14637, 12, 36, 45, 14953, 12, 36, 58, 3, 5
14, 37, 14803, 12, 36, 52, 14953, 12, 36, 58, 4, 6
14, 39, 15108, 12, 37, 4, 15322, 12, 37, 12, 5, 4
14, 4, 2453, 12, 28, 38, 2691, 12, 28, 47, 5, 4
14, 40, 3145, 12, 29, 5, 3376, 12, 29, 15, 3, 3
14, 41, 15142, 12, 37, 5, 15356, 12, 37, 14, 1, 4
14, 43, 15492, 12, 37, 19, 15803, 12, 37, 32, 5, 6
14, 44, 15536, 12, 37, 21, 15857, 12, 37, 34, 5, 6
14, 45, 15536, 12, 37, 21, 15908, 12, 37, 36, 5, 6
14, 48, 16254, 12, 37, 50, 16453, 12, 37, 58, 4, 6
14, 5, 3561, 12, 29, 22, 3685, 12, 29, 27, 6, 4
14, 50, 16356, 12, 37, 54, 16499, 12, 37, 59, 4, 0
14, 6, 4079, 12, 29, 43, 4320, 12, 29, 52, 5, 4
14, 7, 4079, 12, 29, 43, 4342, 12, 29, 53, 5, 4
14, 8, 4103, 12, 29, 44, 4438, 12, 29, 57, 5, 4
15, 1, 0, 12, 27, 25, 403, 12, 27, 47
15, 10, 9530, 12, 36, 14, 9633, 12, 36, 20
15, 13, 10559, 12, 37, 11, 11879, 12, 38, 24
15, 16, 11743, 12, 38, 17, 11879, 12, 38, 24
15, 3, 6254, 12, 33, 12, 6892, 12, 33, 47
17, 1, 0, 12, 27, 0, 3770, 12, 29, 30
17, 10, 7422, 12, 31, 56, 8974, 12, 32, 58
17, 11, 7422, 12, 31, 56, 7807, 12, 32, 12
17, 13, 8389, 12, 32, 35, 8974, 12, 32, 58
17, 15, 8525, 12, 32, 41, 8974, 12, 32, 58
17, 22, 14450, 12, 36, 38, 15000, 12, 37, 0
17, 6, 2336, 12, 28, 33, 2455, 12, 28, 38
17, 7, 4953, 12, 30, 18, 5523, 12, 30, 40
17, 9, 7227, 12, 31, 49, 7807, 12, 32, 12
18, 6, 7697, 12, 32, 7, 8353, 12, 32, 34
19, 2, 2788, 12, 28, 51, 2890, 12, 28, 55
19, 3, 5857, 12, 30, 54, 6113, 12, 31, 4
19, 9, 15796, 12, 37, 31, 16119, 12, 37, 44
19, 10, 1731, 12, 28, 9, 1764, 12, 28, 10
20, 16, 14421, 12, 36, 36, 16499, 12, 37, 59
20, 7, 7052, 12, 31, 42, 7352, 12, 31, 54
21, 21, 6767, 12, 33, 40, 6936, 12, 33, 50
21, 3, 1277, 12, 28, 35, 1376, 12, 28, 41
21, 4, 1417, 12, 28, 43, 2343, 12, 29, 35
21, 6, 2465, 12, 29, 41, 3407, 12, 30, 34
