SUBPROBLEMS

data structure: (subproblem id, cam, id, min diff, sec diff, xin, xout)

** those who start with "123" are bound-boxed wrong. so they cannot be used for our goal **

1 > 2
(0, 1, 6, 0, 14, 2, 1), (0, 2, 11, 0, 15, 1, 3)
(1, 1, 7, 0, 31, 2, 1), (1, 1, 9, 0, 33, 2, 1), (1, 2, 16, 0, 32, 1, 3), (1, 2, 17, 0, 34, 1, 3)
(2, 1, 11, 0, 40, 2, 1), (2, 1, 12, 0, 41, 2, 1), (2, 1, 10, 0, 42, 2, 1), (2, 2, 18, 0, 40, 1, 3), (2, 2, 19, 0, 42, 1, 3), (2, 2, 20, 0, 43, 1, 4)
(3, 1, 15, 0, 58, 2, 1), (3, 2, 25, 0, 59, 1, 3)
(4, 1, 18, 1, 15, 2, 1), (4, 2, 28, 1, 17, 1, 4)
(5, 1, 21, 1, 38, 2, 1), (5, 1, 22, 1, 39, 2, 1), (5, 2, 36, 1, 40, 1, 4), (5, 2, 37, 1, 40, 1, 4)
(6, 1, 25, 1, 47, 1, 1), (6, 1, 27, 1, 49, 1, 1), (6, 2, 39, 1, 49, 1, 1), (6, 2, 40, 1, 50, 1, 1)
(7, 1, 20, 1, 57, 2, 1), (7, 1, 28, 1, 57, 2, 1), (7, 2, 41, 1, 58, 1, 3), (7, 2, 42, 1, 59, 1, 1)
(8, 1, 29, 2, 7, 1, 1), (8, 2, 48, 2, 10, 1, 3)
(123, 1, 37, 2, 31, 2, 1), (123, 1, 42, 2, 40, 2, 1), (123, 1, 41, 2, 41, 2, 1), (123, 1, 49, 3, 9, 2, 1), (123, 1, 50, 3, 23, 2, 1), (123, 1, 52, 3, 31, 2, 1), (123, 1, 53, 3, 35, 2, 1), (123, 1, 54, 3, 36, 2, 1), (123, 1, 55, 3, 37, 2, 1), (123, 1, 57, 3, 38, 2, 1), (123, 1, 59, 3, 45, 2, 1), (123, 1, 60, 3, 46, 2, 1), (123, 1, 31, 3, 54, 1, 1), (123, 1, 62, 3, 56, 2, 1), (123, 1, 63, 3, 57, 1, 1), (123, 1, 64, 4, 5, 2, 1), (123, 1, 66, 4, 32, 2, 1), (123, 1, 67, 4, 36, 2, 1), (123, 1, 72, 4, 43, 2, 1), (123, 1, 71, 4, 44, 2, 1)

2 > 1
(9, 2, 4, 0, 1, 0, 1), (9, 2, 5, 0, 3, 0, 1), (9, 2, 8, 0, 7, 4, 1), (9, 2, 10, 0, 8, 3, 1), (9, 1, 2, 0, 1, 1, 2), (9, 1, 3, 0, 1, 1, 2), (9, 1, 4, 0, 5, 1, 2), (9, 1, 5, 0, 6, 1, 2)
(10, 2, 12, 0, 23, 3, 1), (10, 1, 8, 0, 23, 1, 2)
(11, 2, 13, 0, 31, 3, 1), (11, 2, 15, 0, 31, 3, 1), (11, 1, 13, 0, 31, 1, 2), (11, 1, 14, 0, 31, 1, 2)
(12, 2, 23, 0, 59, 3, 1), (12, 2, 22, 1, 0, 3, 1), (12, 1, 16, 0, 59, 1, 2), (12, 1, 17, 1, 0, 1, 2)
(13, 2, 26, 1, 12, 4, 1), (13, 1, 19, 1, 12, 1, 2)
(14, 2, 32, 1, 30, 3, 1), (14, 1, 23, 1, 30, 1, 2)
(15, 2, 34, 1, 38, 3, 1), (15, 2, 35, 1, 38, 3, 1), (15, 1, 24, 1, 38, 1, 2), (15, 1, 26, 1, 38, 1, 2)
(16, 2, 30, 1, 43, 3, 1), (16, 2, 29, 1, 45, 3, 1), (16, 1, 25, 1, 44, 1, 1), (16, 1, 27, 1, 44, 1, 1)
(17, 2, 39, 2, 0, 1, 1), (17, 2, 40, 2, 3, 1, 1), (17, 2, 43, 2, 5, 3, 1), (17, 2, 47, 2, 7, 3, 1), (17, 2, 44, 2, 10, 3, 1), (17, 1, 29, 2, 0, 1, 1), (17, 1, 31, 2, 3, 1, 1), (17, 1, 32, 2, 4, 1, 2), (17, 1, 33, 2, 5, 1, 2), (17, 1, 34, 2, 10, 1, 2)
(18, 2, 45, 2, 22, 4, 1), (18, 2, 53, 2, 22, 3, 1), (18, 1, 35, 2, 24, 1, 2), (18, 1, 36, 2, 25, 1, 2)
(123, 1, 48, 2, 57, 1, 2), (123, 1, 51, 3, 22, 1, 2), (123, 1, 56, 3, 32, 1, 2), (123, 1, 58, 3, 34, 1, 2), (123, 1, 61, 3, 37, 1, 2), (123, 1, 63, 3, 53, 1, 1), (123, 1, 65, 4, 0, 1, 2), (123, 1, 69, 4, 28, 1, 2), (123, 1, 68, 4, 28, 1, 2), (123, 1, 70, 4, 29, 1, 2), (123, 1, 73, 4, 45, 1, 2), (123, 1, 74, 4, 45, 1, 2), (123, 1, 75, 4, 51, 1, 2)

2 > 11
11 > 2
** these paths are not reliable(full of exceptions) **

2 > 22
(21, 2, 49, 2, 19, 3, 2), (21, 22, 2, 2, 21, 2, 1)
(123, 22, 4, 4, 16, 2, 1), (123, 22, 5, 4, 30, 2, 1), (123, 22, 7, 4, 43, 2, 1), (123, 22, 10, 6, 13, 2, 1), (123, 22, 13, 8, 34, 2, 1), (123, 22, 14, 8, 41, 2, 1), (123, 22, 16, 10, 5, 2, 1)

22 > 2
(22, 22, 1, 2, 14, 1, 2), (22, 2, 52, 2, 15, 2, 3)
(123, 22, 3, 2, 42, 1, 2), (123, 22, 6, 4, 47, 1, 2), (123, 22, 8, 4, 58, 1, 2), (123, 22, 9, 5, 5, 1, 2), (123, 22, 11, 7, 12, 1, 2), (123, 22, 12, 8, 28, 1, 2), (123, 22, 15, 10, 12, 1, 2), (123, 22, 17, 10, 22, 1, 2)

14 > 15
(23, 14, 18, 6, 33, 4, 1), (23, 15, 4, 6, 33, 1, 1)
(24, 14, 20, 6, 46, 4, 1), (24, 15, 5, 6, 46, 1, 3)
(25, 14, 24, 7, 40, 4, 1), (25, 15, 6, 7, 40, 1, 4)
(26, 14, 26, 7, 48, 4, 1), (26, 15, 7, 7, 48, 1, 5)
(27, 14, 32, 8, 49, 4, 1), (27, 15, 9, 8, 49, 1, 5)
(28, 14, 33, 9, 5, 4, 1), (28, 15, 11, 9, 5, 1, 3)
(29, 14, 42, 10, 9, 6, 1), (29, 15, 14, 10, 9, 1, 6)
(30, 14, 47, 10, 37, 4, 1), (30, 15, 15, 10, 37, 1, 5)

15 > 14
(31, 15, 2, 2, 56, 6, 1), (31, 14, 10, 2, 58, 1, 4)
(32, 15, 4, 6, 46, 1, 1), (32, 14, 22, 6, 48, 1, 5)
(33, 15, 8, 8, 38, 4, 1), (33, 14, 31, 8, 40, 1, 4)
(34, 15, 12, 9, 57, 5, 1), (34, 14, 38, 9, 59, 1, 4)

19 > 20, 21
(35, 19, 4, 4, 38, 4, 1), (35, 20, 6, 4, 41, 1, 3)
(36, 19, 5, 5, 49, 5, 1), (36, 21, 16, 5, 51, 1, 5)
(37, 19, 6, 7, 39, 5, 1), (37, 20, 11, 7, 43, 1, 3)
(38, 19, 7, 8, 11, 5, 1), (38, 21, 26, 8, 13, 1, 4)

20 > 19, 21
(39, 20, 2, 1, 51, 3, 1), (39, 21, 5, 1, 52, 1, 1)
(40, 20, 3, 2, 17, 2, 1), (40, 21, 7, 2, 19, 1, 3)
(41, 20, 4, 3, 44, 3, 1), (41, 21, 11, 3, 45, 1, 4)
(42, 20, 8, 6, 10, 3, 1), (42, 20, 10, 6, 11, 3, 1), (42, 20, 9, 6, 11, 3, 1), (42, 21, 18, 6, 11, 1, 4), (42, 21, 19, 6, 13, 1, 4), (42, 21, 20, 6, 13, 1, 4)
(43, 20, 17, 9, 41, 1, 1), (43, 21, 34, 9, 41, 1, 5)
(44, 20, 19, 10, 9, 3, 1), (44, 21, 36, 10, 10, 1, 6)

21 > 19, 20
(45, 21, 1, 1, 15, 3, 1), (45, 21, 2, 1, 15, 3, 1), (45, 19, 1, 1, 24, 1, 4), (45, 20, 1, 1, 20, 1, 2)
(46, 21, 14, 4, 9, 3, 1), (46, 20, 5, 4, 12, 1, 3)
(47, 21, 28, 8, 55, 6, 1), (47, 21, 29, 8, 55, 6, 1), (47, 21, 30, 8, 59, 6, 1), (47, 20, 13, 9, 1, 1, 3), (47, 20, 12, 9, 1, 1, 3), (47, 20, 14, 9, 3, 1, 3)
(48, 21, 31, 9, 9, 6, 1), (48, 20, 15, 9, 12, 1, 3)
(49, 21, 32, 9, 26, 5, 1), (49, 21, 33, 9, 30, 5, 1), (49, 20, 17, 9, 36, 1, 1), (49, 20, 18, 9, 36, 1, 1)
(50, 21, 35, 10, 7, 5, 1), (50, 20, 20, 10, 11, 1, 3)

14 > 17, 18
(51, 14, 1, 0, 8, 4, 5), (51, 17, 4, 0, 20, 1, 3)
(52, 14, 12, 3, 59, 4, 5), (52, 17, 8, 4, 20, 1, 3)
(53, 14, 22, 6, 56, 1, 5), (53, 18, 7, 7, 12, 1, 3)
(54, 14, 36, 9, 58, 3, 5), (54, 18, 8, 10, 16, 1, 3)

17 > 14, 18
(55, 17, 5, 1, 25, 3, 1), (55, 18, 2, 1, 33, 1, 3)
(56, 17, 2, 2, 29, 3, 1), (56, 17, 3, 2, 29, 3, 1), (56, 17, 1, 2, 30, 3, 1), (56, 14, 6, 2, 43, 5, 4), (56, 14, 7, 2, 43, 5, 4), (56, 14, 8, 2, 44, 5, 4)
(57, 17, 12, 5, 40, 3, 1), (57, 17, 14, 6, 2, 3, 1), (57, 14, 17, 6, 13, 5, 4), (57, 14, 21, 6, 47, 5, 4)
(58, 17, 16, 8, 20, 3, 1), (58, 14, 30, 8, 32, 5, 4)
(59, 17, 18, 9, 52, 3, 1), (59, 17, 20, 9, 52, 3, 1), (59, 17, 21, 9, 53, 3, 1), (59, 17, 19, 9, 54, 3, 1), (59, 14, 39, 10, 4, 5, 4), (59, 14, 43, 10, 19, 5, 6), (59, 14, 44, 10, 21, 5, 6), (59, 14, 45, 10, 21, 5, 6)

18 > 14, 17
(60, 18, 1, 1, 29, 4, 1), (60, 14, 4, 1, 38, 5, 4)
(61, 18, 4, 4, 13, 3, 1), (61, 17, 8, 4, 20, 1, 3)

17 > 18, 19, 20
(62, 17, 4, 1, 28, 1, 3), (62, 17, 6, 1, 38, 3, 3), (62, 18, 3, 1, 38, 3, 1), (62, 20, 2, 1, 41, 3, 1)
(63, 17, 10, 5, 58, 3, 3), (63, 17, 13, 5, 58, 3, 3), (63, 17, 15, 5, 58, 3, 3), (63, 20, 8, 6, 2, 3, 1), (63, 20, 10, 6, 2, 3, 1), (63, 20, 9, 6, 2, 3, 1)

18 > 17, 19, 20
(64, 18, 6, 5, 34, 4, 3), (64, 19, 5, 5, 39, 5, 1)
(65, 18, 8, 10, 29, 1, 3), (65, 19, 9, 10, 31, 5, 5)

19 > 17, 18, 20
(66, 19, 10, 1, 10, 5, 5), (66, 17, 5, 1, 13, 3, 1)
(67, 19, 9, 10, 44, 5, 5), (67, 18, 9, 10, 45, 3, 1)

20 > 17, 18, 19
(68, 20, 6, 4, 51, 1, 3), (68, 20, 7, 4, 54, 3, 3), (68, 17, 11, 4, 56, 3, 3), (68, 17, 10, 4, 56, 3, 3)
(69, 20, 11, 8, 3, 1, 3), (69, 17, 16, 8, 4, 3, 1)

2 > 12, 13, 14
(70, 2, 2, 0, 2, 0, 4), (70, 13, 2, 0, 32, 1, 5)
(71, 2, 14, 0, 27, 3, 4), (71, 13, 2, 0, 32, 1, 5)
(72, 2, 20, 0, 48, 1, 4), (72, 13, 3, 1, 12, 1, 4)
(73, 2, 24, 1, 0, 3, 4), (73, 13, 4, 1, 14, 1, 4)
(74, 2, 28, 1, 20, 1, 4), (74, 13, 8, 1, 41, 1, 1)
(75, 2, 31, 1, 29, 3, 4), (75, 12, 6, 1, 41, 1, 1)
(76, 2, 36, 1, 48, 1, 4), (76, 2, 37, 1, 48, 1, 4), (76, 12, 8, 2, 6, 1, 1), (76, 12, 7, 2, 6, 1, 1)

12 > 2, 13, 14
(77, 12, 2, 0, 29, 1, 1), (77, 12, 1, 0, 30, 1, 1), (77, 13, 2, 0, 32, 1, 5), (77, 13, 1, 0, 32, 1, 5)
(78, 12, 3, 1, 7, 3, 1), (78, 12, 4, 1, 7, 3, 1), (78, 13, 3, 1, 12, 1, 4), (78, 13, 4, 1, 14, 1, 4)
(79, 12, 6, 1, 43, 1, 1), (79, 2, 45, 2, 0, 4, 1)
(80, 12, 8, 2, 17, 1, 1), (80, 12, 7, 2, 20, 1, 1), (80, 13, 10, 2, 23, 1, 1), (80, 13, 9, 2, 23, 1, 1)
(81, 12, 10, 3, 8, 1, 1), (81, 12, 9, 3, 9, 1, 1), (81, 13, 13, 3, 11, 1, 5), (81, 13, 14, 3, 11, 1, 5)
(82, 12, 11, 3, 28, 1, 1), (82, 14, 12, 3, 42, 4, 5)
(84, 12, 13, 4, 56, 2, 1), (84, 14, 14, 5, 7, 4, 6)
(85, 12, 14, 5, 39, 4, 1), (85, 13, 18, 5, 42, 1, 1)
(86, 12, 16, 6, 12, 1, 1), (86, 12, 17, 6, 15, 2, 1), (86, 13, 19, 6, 17, 1, 2), (86, 14, 18, 6, 22, 4, 1)
(87, 12, 18, 7, 41, 1, 1), (87, 12, 19, 7, 42, 1, 1), (87, 13, 21, 7, 45, 1, 1), (87, 13, 22, 7, 46, 1, 1)
(88, 12, 20, 8, 33, 2, 1), (88, 14, 32, 8, 43, 4, 1)
(89, 12, 21, 8, 59, 1, 1), (89, 14, 34, 9, 8, 4, 6)
(90, 12, 24, 10, 12, 1, 1), (90, 13, 30, 10, 18, 1, 4)
(91, 12, 23, 10, 18, 1, 1), (91, 13, 31, 10, 19, 1, 4)
(92, 12, 25, 10, 40, 1, 1), (92, 13, 34, 10, 42, 1, 5)

13 > 2, 12, 14
(93, 13, 7, 1, 39, 4, 1), (93, 12, 6, 1, 41, 1, 1)
(94, 13, 8, 2, 10, 1, 1), (94, 2, 50, 2, 12, 4, 3)
(95, 13, 15, 3, 24, 4, 1), (95, 12, 11, 3, 26, 1, 1)
(96, 13, 16, 3, 38, 4, 1), (96, 14, 12, 3, 42, 4, 5)
(97, 13, 18, 5, 50, 1, 1), (97, 12, 15, 5, 52, 1, 2)
(98, 13, 21, 8, 26, 1, 1), (98, 13, 22, 8, 27, 1, 1), (98, 12, 21, 8, 30, 1, 1), (98, 14, 32, 8, 43, 4, 1)
(99, 13, 23, 8, 44, 4, 1), (99, 14, 33, 8, 53, 4, 1)
(100, 13, 28, 10, 9, 3, 1), (100, 13, 29, 10, 9, 3, 1), (100, 12, 24, 10, 11, 1, 1), (100, 14, 47, 10, 29, 4, 1)

14 > 2, 12, 13
(101, 14, 2, 0, 36, 5, 4), (101, 2, 26, 1, 0, 4, 1)
(102, 14, 4, 1, 47, 5, 4), (102, 2, 45, 2, 0, 4, 1)
(103, 14, 5, 2, 27, 6, 4), (103, 13, 11, 2, 47, 1, 4)
(104, 14, 6, 2, 52, 5, 4), (104, 14, 7, 2, 53, 5, 4), (104, 14, 8, 2, 57, 5, 4), (104, 12, 9, 3, 6, 1, 1), (104, 12, 10, 3, 8, 1, 1), (104, 13, 13, 3, 11, 1, 5), (104, 13, 14, 3, 11, 1, 5)
(105, 14, 10, 3, 9, 1, 4), (105, 12, 11, 3, 26, 1, 1)
(106, 14, 21, 6, 53, 5, 4), (106, 12, 18, 7, 3, 1, 1)
(107, 14, 23, 7, 20, 6, 4), (107, 13, 20, 7, 31, 1, 4)
(108, 14, 29, 8, 9, 2, 4), (108, 14, 27, 8, 12, 5, 4), (108, 12, 21, 8, 30, 1, 1), (108, 13, 24, 8, 33, 1, 5)
(109, 14, 30, 8, 43, 5, 4), (109, 14, 31, 8, 48, 1, 4), (109, 13, 25, 8, 52, 1, 1), (109, 13, 26, 8, 54, 1, 4)
(110, 14, 38, 10, 6, 1, 4), (110, 14, 39, 10, 12, 5, 4), (110, 14, 41, 10, 14, 1, 4), (110, 13, 30, 10, 18, 1, 4), (110, 13, 31, 10, 19, 1, 4), (110, 13, 32, 10, 33, 1, 1)
(111, 14, 46, 10, 32, 6, 4), (111, 12, 26, 10, 47, 1, 2)

11 > 13, 21, 21, 22
(112, 11, 1, 0, 31, 1, 2), (112, 21, 1, 1, 7, 3, 1)
(113, 11, 6, 7, 14, 1, 2), (113, 21, 25, 8, 9, 4, 1)

13 > 11, 21, 21, 22
(114, 13, 3, 1, 46, 1, 4), (114, 13, 4, 1, 46, 1, 4), (114, 22, 1, 2, 6, 1, 2), (114, 22, 3, 2, 34, 1, 2)
(115, 13, 20, 7, 44, 1, 4), (115, 21, 25, 8, 9, 4, 1)

21 > 11, 13, 21, 22


22 > 11, 13, 21, 21
(117, 22, 2, 2, 29, 2, 1), (117, 13, 15, 3, 10, 4, 1)









